0.388231928285333 0.133177570093458 0.233406446690826 0.245184054930383
0.339357238222392 0.140139233263399 0.237745565515926 0.282757962998283
0.309794011062369 0.0907877169559413 0.461710852565325 0.137707419416365
0.788050734312417 0.0348083158497044 0.177093267213427 4.76826244516498e-05
4.76826244516498e-05 4.76826244516498e-05 4.76826244516498e-05 0.999856952126645
4.76826244516498e-05 4.76826244516498e-05 0.994182719816899 0.00572191493419798
0.999809269502193 4.76826244516498e-05 4.76826244516498e-05 9.53652489032996e-05
4.76826244516498e-05 0.163980545489224 0.215191684150296 0.620780087736029
4.76826244516498e-05 0.0290387182910547 0.970865916460042 4.76826244516498e-05
0.0447739843600992 0.168415029563227 4.76826244516498e-05 0.786763303452222
0.329248521838642 0.670656112912455 4.76826244516498e-05 4.76826244516498e-05
0.999856952126645 4.76826244516498e-05 4.76826244516498e-05 4.76826244516498e-05
0.00972725538813656 0.176664123593363 0.0484932290673279 0.765115391951173
