0.379899344212292 0.0983681561689797 0.152203751715724 0.369528747903004
0.274744547811499 0.212368461186518 0.145493365868537 0.367393625133445
0.967896904071984 0.00930303492450816 0.0174622540796096 0.00533780692389812
0.00632911392405063 0.00991307000152509 0.00510904377001678 0.978648772304407
0.0546743937776422 0.0146408418484063 0.88233948452036 0.0483452798535916
0.0406435870062529 0.786182705505567 0.0417874027756596 0.131386304712521
0.896446545676376 0.0100655787707793 0.00899801738599969 0.0844898581668446
0.805246301662346 0.0526155253927101 0.0782369986274211 0.0639011743175233
0.936403843220985 0.0205886838493213 0.0195973768491688 0.0234100960805246
0.194906207106909 0.160439225255452 0.157922830562757 0.486731737074882
0.265060240963855 0.186823242336434 0.270779319810889 0.277337196888821
