0.101018442058904 0.20148637489678 0.216350123864575 0.481145059179741
0.000275254610514726 0.0145884943572805 0.000275254610514726 0.98486099642169
0.000275254610514726 0.00192678227360308 0.0305532617671346 0.967244701348748
0.0996421690063309 0.898155794109551 0.00192678227360308 0.000275254610514726
0.0302780071566199 0.5532617671346 0.000275254610514726 0.416184971098266
0.478943022295623 0.000275254610514726 0.450867052023121 0.0699146710707404
0.0451417561244151 0.000275254610514726 0.954307734654555 0.000275254610514726
0.00825763831544178 0.00220203688411781 0.943297550233966 0.046242774566474
0.996696944673823 0.000275254610514726 0.00275254610514726 0.000275254610514726
0.997797963115882 0.00165152766308836 0.000275254610514726 0.000275254610514726
0.517478667767685 0.0858794384805946 0.199834847233691 0.196807046518029
